line
0 0 0 100 0 0
line
100 0 0 100 20 0
line
100 20 0 0 20 0
line
0 20 0 0 0 0
line
0 0 100 100 0 100
line
100 0 100 100 20 100
line
100 20 100 0 20 100
line
0 20 100 0 0 100
line
0 0 0 0 0 100
line
0 20 0 0 20 100
line
100 20 0 100 20 100
line
100 0 0 100 0 100
ident
scale
2 2 2
apply
ident
move
100 300 0
apply
ident
line
100 300 0 120 300 0
line
100 300 0 100 100 0
line
100 100 0 120 100 0
line
120 100 0 120 300 0
line
100 300 20 120 300 20
line 
100 300 20 100 100 20
line
100 100 20 120 100 20
line
120 100 20 120 300 20
line
100 100 0 100 100 20
line
120 100 0 120 100 20
line
100 300 0 100 300 20
line
120 300 0 120 300 20
line
280 100 0 300 100 0
line
280 300 0 280 100 0
line
280 100 0 300 100 0
line
300 100 0 300 300 0
line
280 300 20 300 300 20
line 
280 300 20 280 100 20
line
280 100 20 300 100 20
line
300 100 20 300 300 20
line
280 100 0 280 100 20
line
300 100 0 300 100 20
line
280 300 0 280 300 20
line
300 300 0 300 300 20
line
100 300 180 120 300 180
line
100 300 180 100 100 180
line
100 100 180 120 100 180
line
120 100 180 120 300 180
line
100 300 200 120 300 200
line 
100 300 200 100 100 200
line
100 100 200 120 100 200
line
120 100 200 120 300 200
line
100 100 180 100 100 200
line
120 100 180 120 100 200
line
100 300 180 100 300 200
line
120 300 180 120 300 200
line
280 300 180 300 300 180
line
280 300 180 280 100 180
line
280 100 180 300 100 180
line
300 100 180 300 300 180
line
280 300 200 300 300 200
line 
280 300 200 280 100 200
line
280 100 200 300 100 200
line
300 100 200 300 300 200
line
280 100 180 280 100 200
line
300 100 180 300 100 200
line
280 300 180 280 300 200
line
300 300 180 300 300 200
apply
ident
rotate
y 60
rotate
x 20
apply
ident
move
50 0 0
apply
display
save
table.png